"x"
0.208946546342369
0.18257133241023
0.501163639029127
0.230066479246241
0.869405100760256
0.354613407512034
0.256443106093748
0.333790355793042
0.286932482270345
0.520394978458474
0.556665752277093
0.0646032347407124
0.382613649807487
0.521574604484258
0.154972296710781
0.502157390491391
0.337645060494588
0.457446121811723
0.357103590094727
0.41859941743502
0.464833903764522
0.515431945323575
0.340327170761507
0.17212848083337
0.192305052054914
0.492167238720721
0.328765588052895
0.456316839180038
0.145038174503703
0.96613925419496
0.868816093735147
0.531774627986311
0.92491843151309
0.205777869790428
0.662241506001514
0.107965482437259
1.44579587218321
0.722039287346157
0.414645415192207
0.672371884889788
0.439157595572072
0.471231213900549
0.26331210533625
0.573226056331683
0.500886740793683
0.337764550564947
0.16891551163392
1.67291899414688
0.407412814459585
0.276911508184012
0.48731758799518
0.425641127603071
0.362105082922751
0.49940155552934
0.095131893752496
0.298698928682289
0.550186326625787
0.369709296053204
0.826562843159121
0.712768369829014
0.432833563892031
0.237551120470386
1.13942714657661
0.460675657959609
0.453601293973166
0.224549390802017
0.373504845287238
0.179724960113042
0.173153129209499
0.316040739753895
0.54782409448014
0.744932114873264
0.668992814370212
0.618973751552885
0.0864332530813875
0.733507360322761
0.659928993555435
0.275934855603031
0.597649926067725
0.287455157080539
0.955790087075212
0.286411771817696
0.39603924162044
0.257372424950238
0.733400487897528
0.15031401796406
0.868439767235926
0.193592525094212
0.452835827306742
0.552288339347557
0.418073858029708
0.253672508616916
1.42856456974042
0.461539970004389
0.373302180209572
1.05960032333168
0.26929604239718
0.581514150866621
0.702688210696254
0.565783966459878
0.614949991160681
0.534704975895062
0.513076679830663
0.0409562014030557
0.724293869115174
0.376845698305657
0.120244433257906
0.726701674376291
0.536102537149305
0.272712651023922
0.158077399387012
0.479974235863011
0.87686436152607
0.0566699481665251
0.239754470448609
0.348081377741092
0.730225937893469
0.781045158563016
0.363161501161961
0.353626535952291
0.182161770923885
0.144160762709792
0.482412020928686
1.46398678133942
0.381638410914674
0.202829399302701
0.779413113534463
0.214264064632646
0.630431534231818
1.12513944336609
0.703717498728925
0.33329153475494
0.635187763134673
0.214706245328871
0.21067778817879
0.132268897829087
0.125320313679853
0.259360446730314
1.08243914476004
0.248494535977838
0.384378385962131
0.464251984220041
0.324217464711059
0.203632947602603
0.347606080554828
0.420263664111463
1.19803865804243
0.669649841787068
0.731704987389238
0.394686279849434
0.726346609642374
0.929584043651869
0.755788176510465
0.530127503022858
0.542943169546279
0.3314771769139
0.441613783585104
0.44887020598572
0.46749804995521
0.4448610859219
0.164566151875651
0.179375865362856
0.192490948011262
0.228932133754406
0.361970668795382
0.139543363779646
0.155288865690216
0.792408435386714
0.427737576356199
0.201621117421496
0.475828081402792
0.33551600563525
0.318313830158195
0.37765258972052
0.470113594086171
0.397010763438615
0.410170098467521
0.99875278160067
0.216631107148635
0.345948073260085
0.232080594873531
0.242027813583647
0.241795107508457
0.689465252232511
0.0380994901617281
0.637000103345801
0.483813739261465
0.415105653222531
0.505959878607139
0.255832990319023
0.295147514622788
0.321824518593933
0.84191205773589
0.457495413435624
0.494717260776836
0.807631219539352
0.0790307898579293
0.465904194738085
0.733263131698848
0.555883286578272
0.609149520591072
0.39701498689385
0.290465765445704
0.334625767332908
0.5237796326715
0.20248064242916
0.185236428985648
0.670621349841564
0.0785168098644912
0.213934462391611
0.315693484224904
0.108693536960186
0.318354482501624
0.316546059244159
0.470220867597684
1.03593003208825
0.238813377140417
0.428291382934053
0.374825542772296
0.458448989432467
0.343735580757129
0.174625334428888
0.807042005900652
0.29485395235931
0.395889224156471
0.26589888688208
0.128830235277751
0.887835605006642
0.148047655936777
0.733832216692272
0.542732498955003
0.214530163297527
0.305342368240892
0.132500133662794
0.165919371111584
0.861131006403632
0.910309552288837
0.271955123123317
0.282760505564775
0.761148486389603
1.7338346124252
0.503998806055006
0.130779502030352
1.08364970859981
0.332427017631083
0.149113056374186
0.168749039313471
0.216411033795491
0.0928230488286163
0.380856118008137
