"x"
0.0846567621454597
0.441503518057947
0.137696123495698
0.170543202556017
0.392058802379255
0.21927359495312
0.358951925863287
0.0177381848197756
0.59399437975503
0.0919256145703068
0.215852328948677
0.345468044264202
0.0493040349334478
0.0169507147744298
0.197542012482882
0.0145655535161495
0.0570818781852722
0.703263853456745
0.414547446353321
0.553041248751764
0.181193039380014
1.0215076104554
0.930568920783444
0.447234959511047
0.0530206350934749
0.0607258666306734
0.532855935005431
0.140491297654808
0.350467915875245
0.0292483309231671
0.143974211066961
0.843160715413462
0.196077497862279
0.000933300171089895
0.768091277611794
0.110118683248956
0.0878122705966234
0.252986582554877
0.0617561984807253
0.699766728117158
0.162640821556807
0.0873722087591887
0.401309921567691
0.322528793273454
0.883316887119665
1.09816883722867
1.22539877170175
0.522953862307553
1.33018787794544
1.29471698098614
0.280560044554954
0.0844826513901353
0.717065594311724
1.30592690103485
0.169422142021358
0.427543812973385
0.197275902144611
0.267221046797931
0.54098324177969
2.84397868348246
0.836248524149442
0.21703412104398
0.00437978692352772
0.709895548962405
1.25356244140102
0.664715538140307
0.137157380580902
0.44515824192439
0.140617444358613
0.223943090070103
0.667092046694814
0.370447125372547
1.00579084972466
0.7689417771659
0.921377823451414
