"x"
1
1
3
0
3
0
0
7
3
4
9
3
0
0
14
2
6
2
0
4
4
1
3
1
12
1
8
4
12
0
4
5
12
5
2
4
0
0
2
1
2
5
0
3
3
2
1
8
1
6
0
3
3
4
2
4
0
3
10
13
7
11
6
1
6
10
1
3
3
3
3
1
2
0
2
4
4
2
10
4
6
6
2
1
1
5
7
1
0
5
1
2
7
12
5
0
6
1
1
2
4
2
1
3
2
6
3
4
10
6
11
7
10
3
10
6
4
8
8
1
3
8
5
11
6
2
1
6
3
6
3
2
1
3
6
1
4
6
3
10
0
5
3
4
3
1
0
3
1
6
1
3
5
2
6
3
1
0
4
1
9
1
4
3
0
13
6
7
6
2
0
14
14
3
6
16
3
4
3
2
8
5
3
4
2
4
4
4
5
3
4
4
2
1
5
1
2
5
2
0
3
5
2
6
4
2
2
4
2
3
2
0
3
9
5
2
8
1
4
5
3
0
3
11
4
2
0
5
6
7
3
9
4
14
0
7
3
2
4
2
5
1
8
3
5
4
2
0
5
2
