"resistencia"
32.8931854987954
37.9895500008001
31.5516704239093
33.9611534425901
34.9318940234743
37.5097510952442
32.4592391622206
32.5300624121261
32.3071056604582
27.7290045565358
29.8193708954311
34.2849838072181
35.2107989988084
30.1729905375315
38.2008614577109
38.0882684243778
31.1580913220697
29.4660120322859
35.6964620620975
25.4843654549517
31.2366339346597
35.8272373353271
29.8102284313778
26.0968013682268
30.1813875102342
29.3216962136743
29.820328552373
26.8563590609001
35.459399627214
32.2749101574965
32.2233078330968
30.3583650290562
33.684905785586
32.4967042510074
35.0867605201466
